HORA	TEMPERATURA INT.	TEMPERATURA EXT.	CO2	HUMEDAD INT.	VEL. VIENTO	LUMINOSIDAD EXT.	LLUVIA
00:00	20.9	13.8	442.88	63	0	1.00	0
00:05	20.9	13.8	434.88	63	0	1.00	0
00:10	20.9	13.8	438.72	63	0	1.00	0
00:15	20.9	13.8	438.72	63	0	1.00	0
00:20	20.9	13.8	448.96	63	0	1.00	0
00:25	20.9	13.8	440.00	63	0	1.00	0
00:30	20.9	13.8	448.00	63	0	1.00	0
00:35	20.9	13.8	450.88	63	0	1.00	0
00:40	20.9	13.8	442.88	63	0	1.00	0
00:45	20.9	12.8	440.00	63	0	1.00	0
00:50	20.9	12.8	440.00	63	0	1.00	0
00:55	20.8	12.8	441.92	63	0	1.00	0
01:00	20.8	12.8	445.76	63	0	1.00	0
01:05	20.8	12.8	442.88	63	0	1.00	0
01:10	20.9	12.8	446.72	63	0	1.00	0
01:15	20.8	12.8	438.72	63	0	1.00	0
01:20	20.9	12.8	437.76	63	0	1.00	0
01:25	20.9	12.8	443.84	63	0	1.00	0
01:30	20.9	12.8	440.96	63	0	1.00	0
01:35	20.9	12.8	440.96	63	0	1.00	0
01:40	20.8	12.8	440.96	63	0	1.00	0
01:45	20.8	12.8	444.80	63	0	1.00	0
01:50	20.8	12.8	446.72	63	0	1.00	0
01:55	20.8	12.8	448.00	63	0	1.00	0
02:00	20.8	12.8	442.88	63	0	1.00	0
02:05	20.8	12.8	436.80	63	0	1.00	0
02:10	20.8	12.8	432.00	63	0	1.00	0
02:15	20.8	12.8	441.92	63	0	1.00	0
02:20	20.8	12.8	444.80	63	0	1.00	0
02:25	20.8	12.8	450.88	62	0	1.00	0
02:30	20.8	12.8	443.84	62	0	1.00	0
02:35	20.8	12.8	449.92	62	0	1.00	0
02:40	20.8	12.8	440.00	62	0	1.00	0
02:45	20.8	12.8	446.72	63	0	1.00	0
02:50	20.8	12.8	450.88	63	0	1.00	0
02:55	20.8	12.8	451.84	62	0	1.00	0
03:00	20.8	12.8	442.88	62	0	1.00	0
03:05	20.8	12.8	442.88	62	0	1.00	0
03:10	20.8	12.8	438.72	62	0	1.00	0
03:15	20.8	12.8	440.00	62	0	1.00	0
03:20	20.7	12.8	452.80	62	0	1.00	0
03:25	20.7	12.8	444.80	62	0	1.00	0
03:30	20.7	12.8	441.92	62	0	1.00	0
03:35	20.7	12.8	442.88	62	0	1.00	0
03:40	20.7	12.8	452.80	62	0	1.00	0
03:45	20.7	12.8	440.96	62	0	1.00	0
03:50	20.7	12.8	442.88	62	0	1.00	0
03:55	20.7	13.8	442.88	62	0	1.00	0
04:00	20.7	13.8	437.76	62	0	1.00	0
04:05	20.7	13.8	440.96	62	0	1.00	0
04:10	20.7	13.8	446.72	62	2	1.00	0
04:15	20.7	14.8	440.00	62	3	1.00	0
04:20	20.7	15.8	442.88	62	1	1.00	0
04:25	20.7	15.8	436.80	62	4	1.00	0
04:30	20.7	15.8	441.92	62	2	1.00	0
04:35	20.7	15.8	450.88	62	2	1.00	0
04:40	20.7	15.8	442.88	62	1	1.00	0
04:45	20.7	15.8	449.92	62	2	1.00	0
04:50	20.7	15.8	440.00	62	3	1.00	0
04:55	20.7	15.8	440.96	62	3	1.00	0
05:00	20.7	15.8	444.80	62	2	1.00	0
05:05	20.7	15.8	442.88	62	3	1.00	0
05:10	20.7	15.8	444.80	62	6	1.00	0
05:15	20.7	15.8	443.84	62	4	1.00	0
05:20	20.7	15.8	444.80	62	3	1.00	0
05:25	20.7	15.8	444.80	62	3	1.00	0
05:30	20.7	15.8	441.92	62	4	1.00	0
05:35	20.7	15.8	444.80	62	3	1.00	0
05:40	20.7	15.8	440.00	62	0	1.00	0
05:45	20.7	15.8	448.00	62	3	1.00	0
05:50	20.7	15.8	440.00	62	3	1.00	0
05:55	22.0	15.8	441.92	62	2	1.00	0
06:00	21.0	15.8	440.00	62	2	1.00	0
06:05	20.7	15.8	435.84	62	2	1.00	0
06:10	20.7	15.8	437.76	62	2	1.00	0
06:15	20.7	15.8	436.80	62	3	1.00	0
06:20	20.7	15.8	440.00	62	3	1.00	0
06:25	20.7	16.8	443.84	62	2	1.00	0
06:30	20.7	16.8	445.76	62	5	1.00	0
06:35	20.7	16.8	448.00	62	5	1.00	0
06:40	20.7	17.8	448.00	62	6	1.00	0
06:45	20.7	17.8	444.80	62	5	1.00	0
06:50	20.7	17.8	444.80	62	1	1.00	0
06:55	20.7	17.8	440.00	62	5	1.00	0
07:00	20.7	17.8	438.72	62	8	1.00	0
07:05	20.7	17.8	438.72	62	5	1.00	0
07:10	20.7	17.8	440.96	62	4	1.00	0
07:15	20.7	17.8	442.88	62	4	1.00	0
07:20	20.7	17.8	440.00	62	6	1.00	0
07:25	20.7	17.8	434.88	62	5	1.00	0
07:30	20.7	16.8	440.96	62	4	1.00	0
07:35	20.7	16.8	443.84	62	6	1.00	0
07:40	20.7	16.8	448.96	62	4	1.00	0
07:45	20.7	16.8	444.80	62	4	1.00	0
07:50	20.7	16.8	444.80	62	5	3.00	0
07:55	20.7	16.8	438.72	62	5	11.00	0
08:00	20.7	15.8	438.72	62	4	11.00	0
08:05	20.7	15.8	437.76	62	4	20.00	0
08:10	21.0	15.8	441.92	62	7	26.00	0
08:15	20.7	15.8	443.84	62	5	59.00	0
08:20	20.7	15.8	442.88	62	4	132.00	0
08:25	20.7	15.8	440.96	62	1	172.00	0
08:30	20.7	15.8	442.88	62	4	379.84	0
08:35	20.7	16.8	441.92	62	9	834.56	0
08:40	20.7	16.8	433.92	62	7	1084.80	0
08:45	20.7	16.8	440.96	62	8	1410.56	0
08:50	20.7	15.8	440.00	62	6	1410.56	0
08:55	20.7	15.8	432.96	62	7	1832.96	0
09:00	20.7	15.8	435.84	62	10	2385.92	0
09:05	20.7	15.8	440.96	62	7	2385.92	0
09:10	20.7	15.8	443.84	62	7	2385.92	0
09:15	20.7	15.8	438.72	62	8	3105.28	0
09:20	20.7	15.8	434.88	62	8	4037.12	0
09:25	20.7	16.8	435.84	62	6	5248.00	0
09:30	20.7	16.8	435.84	62	5	3665.92	0
09:35	22.0	16.8	435.84	62	7	2557.44	0
09:40	20.7	16.8	433.92	62	1	4336.64	0
09:45	20.7	16.8	432.00	62	5	4336.64	0
09:50	20.7	16.8	435.84	62	7	4336.64	0
09:55	22.0	16.8	432.00	62	3	5637.12	0
10:00	20.7	16.8	434.88	62	4	5637.12	0
10:05	20.7	16.8	437.76	62	7	7326.72	0
10:10	20.7	16.8	440.00	62	13	9528.32	0
10:15	20.7	15.8	434.88	62	6	48783.36	0
10:20	20.7	16.8	433.92	62	10	23367.68	0
10:25	20.7	16.8	432.00	62	3	16332.80	0
10:30	20.7	16.8	440.00	62	8	16332.80	0
10:35	21.0	16.8	435.84	62	9	23367.68	0
10:40	20.7	16.8	438.72	62	3	27627.52	0
10:45	20.7	16.8	432.96	62	7	20705.28	0
10:50	20.7	16.8	427.84	62	4	22487.04	0
10:55	20.7	16.8	434.88	62	9	10987.52	0
11:00	20.7	16.8	432.96	62	6	24596.48	0
11:05	20.7	16.8	434.88	62	10	47390.72	0
11:10	20.7	16.8	432.96	62	7	49684.48	0
11:15	20.7	15.8	436.80	62	5	16803.84	0
11:20	20.7	16.8	432.96	62	5	88637.44	0
11:25	20.7	16.8	433.92	62	3	92405.76	0
11:30	20.7	16.8	436.80	62	5	21524.48	0
11:35	20.7	16.8	432.00	62	3	15052.80	0
11:40	20.7	16.8	432.96	62	8	10516.48	0
11:45	20.7	16.8	443.84	62	5	7357.44	0
11:50	20.7	16.8	433.92	62	10	16332.80	0
11:55	20.7	16.8	432.96	62	6	11397.12	0
12:00	20.7	16.8	426.88	62	6	6282.24	0
12:05	20.7	16.8	434.88	62	10	4392.96	0
12:10	20.7	16.8	438.72	62	5	4392.96	0
12:15	20.7	16.8	433.92	62	2	3066.88	0
12:20	20.7	16.8	432.96	62	3	3066.88	0
12:25	20.7	16.8	432.00	62	5	3988.48	0
12:30	20.7	16.8	433.92	62	4	5189.12	0
12:35	20.7	16.8	440.00	62	5	3624.96	0
12:40	20.7	16.8	432.00	62	5	3624.96	0
12:45	20.7	16.8	433.92	62	6	3624.96	0
12:50	20.7	16.8	429.76	62	4	2536.96	0
12:55	20.7	15.8	437.76	62	6	3297.28	0
13:00	20.7	15.8	434.88	62	3	4288.00	0
13:05	20.7	15.8	430.72	62	3	2090.24	0
13:10	20.7	15.8	429.76	62	2	2731.52	0
13:15	20.7	15.8	436.80	62	3	2731.52	0
13:20	20.7	15.8	433.92	63	0	2731.52	0
13:25	20.7	15.8	432.96	63	3	2731.52	0
13:30	20.7	15.8	434.88	63	2	2731.52	0
13:35	20.7	15.8	432.00	63	2	2731.52	0
13:40	20.7	15.8	427.84	63	2	2731.52	0
13:45	20.7	15.8	436.80	63	4	3555.84	0
13:50	20.7	15.8	432.96	63	2	2488.32	0
13:55	20.7	15.8	432.00	63	4	3243.52	0
14:00	20.7	15.8	430.72	63	4	3243.52	0
14:05	20.7	15.8	432.96	63	3	3243.52	0
14:10	20.7	15.8	432.00	63	4	4216.32	0
14:15	20.7	15.8	428.80	63	7	9369.60	0
14:20	20.7	15.8	437.76	63	6	15984.64	0
14:25	20.7	15.8	432.00	63	5	15984.64	0
14:30	20.7	15.8	433.92	63	2	46612.48	0
14:35	20.7	16.8	435.84	63	5	90357.76	0
14:40	20.7	16.8	436.80	63	4	16619.52	0
14:45	20.7	16.8	438.72	63	5	11612.16	0
14:50	20.7	16.8	426.88	63	5	10557.44	0
14:55	20.7	16.8	427.84	63	4	10557.44	0
15:00	20.7	16.8	440.96	63	5	9600.00	0
15:05	20.7	16.8	434.88	63	6	9600.00	0
15:10	20.7	16.8	432.00	63	3	12810.24	0
15:15	20.7	17.8	428.80	63	7	10618.88	0
15:20	20.7	17.8	428.80	63	3	10618.88	0
15:25	20.7	17.8	434.88	63	2	9656.32	0
15:30	20.7	17.8	430.72	63	6	6748.16	0
15:35	20.7	17.8	430.72	63	1	6138.88	0
15:40	20.7	17.8	436.80	63	1	12431.36	0
15:45	20.7	18.8	438.72	63	0	43048.96	0
15:50	20.7	18.8	441.92	63	2	32276.48	0
15:55	20.7	18.8	437.76	63	4	12042.24	0
16:00	20.7	18.8	429.76	63	3	19804.16	0
16:05	20.7	18.8	432.00	63	5	39608.32	0
16:10	20.7	18.8	432.00	63	6	32727.04	0
16:15	20.7	19.8	432.96	63	6	32727.04	0
16:20	20.7	19.8	427.84	63	5	32727.04	0
16:25	20.7	19.8	432.00	63	2	32727.04	0
16:30	20.7	19.8	436.80	63	3	32727.04	0
16:35	20.7	19.8	437.76	63	3	32727.04	0
16:40	20.7	19.8	432.96	63	8	22896.64	0
16:45	20.7	19.8	425.92	63	5	22896.64	0
16:50	20.7	19.8	429.76	63	5	22896.64	0
16:55	20.7	19.8	436.80	63	3	16015.36	0
17:00	20.7	19.8	433.92	63	11	11110.40	0
17:05	20.7	19.8	436.80	63	10	11110.40	0
17:10	20.7	19.8	433.92	63	8	11110.40	0
17:15	20.7	18.8	435.84	63	8	7659.52	0
17:20	20.7	18.8	437.76	64	8	7659.52	0
17:25	20.7	18.8	435.84	64	7	5355.52	0
17:30	20.7	18.8	440.96	64	5	3745.28	0
17:35	20.7	18.8	433.92	64	3	2618.88	0
17:40	20.7	18.8	430.72	64	5	1832.96	0
17:45	20.7	18.8	433.92	64	5	1282.56	0
17:50	20.7	18.8	433.92	64	7	626.88	0
17:55	20.7	18.8	437.76	64	6	437.76	0
18:00	20.7	18.8	432.00	64	6	213.92	0
18:05	20.7	18.8	440.96	64	5	72.00	0
18:10	20.7	18.8	432.00	64	8	35.00	0
18:15	20.7	18.8	434.88	64	6	11.00	0
18:20	20.7	18.8	440.00	64	5	4.00	0
18:25	21.0	18.8	440.96	64	6	2.00	0
18:30	20.7	18.8	441.92	64	6	1.00	0
18:35	20.7	18.8	429.76	64	4	1.00	0
18:40	20.7	18.8	427.84	64	7	1.00	0
18:45	20.7	18.8	430.72	64	5	1.00	0
18:50	20.7	18.8	429.76	64	4	1.00	0
18:55	20.7	18.8	438.72	64	6	1.00	0
19:00	20.7	18.8	434.88	64	7	1.00	0
19:05	20.7	18.8	430.72	64	4	1.00	0
19:10	20.7	18.8	434.88	64	5	1.00	0
19:15	20.7	18.8	427.84	64	4	1.00	0
19:20	21.0	18.8	430.72	64	7	1.00	0
19:25	20.7	18.8	442.88	64	8	1.00	0
19:30	20.7	18.8	434.88	64	6	1.00	0
19:36	22.0	18.8	432.00	64	7	1.00	0
19:41	20.7	18.8	430.72	64	6	1.00	0
19:46	20.7	18.8	428.80	64	1	1.00	0
19:51	20.7	18.8	433.92	64	2	1.00	0
19:56	20.7	18.8	435.84	64	4	1.00	0
20:01	20.7	18.8	435.84	64	2	1.00	0
20:06	20.7	18.8	436.80	64	2	1.00	0
20:11	20.7	17.8	432.00	64	2	1.00	0
20:16	21.0	17.8	432.00	64	3	1.00	0
20:21	21.0	17.8	435.84	64	4	1.00	0
20:26	20.7	17.8	433.92	64	3	1.00	0
20:31	20.7	17.8	443.84	64	1	1.00	0
20:36	20.7	17.8	434.88	64	0	1.00	0
20:41	20.7	17.8	436.80	64	0	1.00	0
20:46	20.7	17.8	432.96	64	0	1.00	0
20:51	20.7	17.8	437.76	64	0	1.00	0
20:56	20.7	17.8	429.76	64	0	1.00	0
21:01	20.7	16.8	430.72	64	0	1.00	0
21:06	21.0	16.8	430.72	64	0	1.00	0
21:11	20.7	16.8	434.88	64	0	1.00	0
21:16	20.7	15.8	438.72	64	0	1.00	0
21:21	20.7	15.8	436.80	64	0	1.00	0
21:26	20.7	15.8	433.92	64	0	1.00	0
21:31	20.7	15.8	436.80	64	0	1.00	0
21:36	20.7	15.8	432.96	64	0	1.00	0
21:41	20.7	15.8	432.00	64	0	1.00	0
21:46	20.7	15.8	424.96	64	0	1.00	0
21:51	20.7	15.8	428.80	64	0	1.00	0
21:56	20.7	14.8	429.76	64	0	1.00	0
22:01	20.7	14.8	435.84	64	0	1.00	0
22:06	20.7	14.8	432.00	64	0	1.00	0
22:11	20.7	14.8	432.96	64	0	1.00	0
22:16	20.7	14.8	434.88	64	0	1.00	0
22:21	20.7	14.8	433.92	64	0	1.00	0
22:26	20.7	15.8	437.76	64	0	1.00	0
22:31	20.7	15.8	440.96	64	0	1.00	0
22:36	20.7	14.8	434.88	64	0	1.00	0
22:41	20.7	14.8	440.00	64	0	1.00	0
22:46	20.7	14.8	432.00	64	0	1.00	0
22:51	20.7	14.8	440.96	64	0	1.00	0
22:56	20.7	14.8	435.84	64	0	1.00	0
23:01	20.7	14.8	437.76	64	0	1.00	0
23:06	20.7	14.8	432.00	64	0	1.00	0
23:11	20.7	14.8	428.80	64	0	1.00	0
23:16	20.7	14.8	434.88	64	0	1.00	0
23:21	20.7	13.8	433.92	64	0	1.00	0
23:26	20.7	13.8	428.80	64	0	1.00	0
23:31	20.7	13.8	436.80	64	0	1.00	0
23:36	20.7	13.8	436.80	64	0	1.00	0
23:41	20.7	13.8	430.72	64	0	1.00	0
23:46	20.7	13.8	437.76	64	0	1.00	0
23:51	20.7	13.8	434.88	64	0	1.00	0
23:56	20.7	13.8	434.88	64	0	1.00	0
