HORA	TEMPERATURA INT.	TEMPERATURA EXT.	CO2	HUMEDAD INT.	VEL. VIENTO	LUMINOSIDAD EXT.	LLUVIA
00:00	25.1	18.7	433.92	50	0	1.00	0
00:05	25.1	18.7	438.72	50	0	1.00	0
00:10	25.1	18.7	430.72	50	0	1.00	0
00:15	25.1	18.7	432.96	50	0	1.00	0
00:20	25.1	18.7	445.76	50	0	1.00	0
00:25	25.1	18.7	437.76	50	0	1.00	0
00:30	25.1	18.7	442.88	50	0	1.00	0
00:35	25.1	18.7	440.96	50	0	1.00	0
00:40	25.1	18.7	444.80	50	0	1.00	0
00:45	25.1	18.7	433.92	50	1	1.00	0
00:50	25.1	17.7	440.00	50	0	1.00	0
00:55	25.1	17.7	448.00	50	0	1.00	0
01:00	25.1	17.7	436.80	50	0	1.00	0
01:05	25.1	17.7	434.88	50	0	1.00	0
01:10	25.1	17.7	428.80	50	0	1.00	0
01:15	25.1	17.7	434.88	50	0	1.00	0
01:20	25.1	17.7	429.76	50	0	1.00	0
01:25	25.1	17.7	429.76	50	0	1.00	0
01:30	25.1	17.7	438.72	50	1	1.00	0
01:35	25.1	17.7	436.80	50	0	1.00	0
01:40	25.0	17.7	437.76	50	0	1.00	0
01:45	25.1	17.7	438.72	50	0	1.00	0
01:50	25.1	17.7	442.88	50	0	1.00	0
01:55	25.1	17.7	437.76	50	0	1.00	0
02:00	25.0	17.7	442.88	50	0	1.00	0
02:05	25.0	17.7	446.72	50	1	1.00	0
02:10	25.1	17.7	437.76	50	0	1.00	0
02:15	25.0	17.7	432.00	50	0	1.00	0
02:20	25.0	17.7	443.84	50	0	1.00	0
02:25	25.0	17.7	437.76	50	0	1.00	0
02:30	25.0	17.7	440.96	50	0	1.00	0
02:35	25.0	17.7	437.76	50	0	1.00	0
02:40	25.0	17.7	440.96	50	0	1.00	0
02:45	25.0	17.7	437.76	50	0	1.00	0
02:50	25.0	17.7	440.96	50	0	1.00	0
02:55	25.0	17.7	435.84	50	0	1.00	0
03:00	25.0	17.7	433.92	50	0	1.00	0
03:05	25.0	17.7	435.84	50	0	1.00	0
03:10	25.0	17.7	435.84	50	0	1.00	0
03:15	25.0	17.7	441.92	50	0	1.00	0
03:20	25.0	17.7	443.84	50	0	1.00	0
03:25	24.8	16.7	441.92	50	0	1.00	0
03:30	24.8	16.7	432.00	50	0	1.00	0
03:35	24.8	16.7	432.00	50	0	1.00	0
03:40	24.8	16.7	433.92	50	0	1.00	0
03:45	25.0	16.7	440.96	50	0	1.00	0
03:50	25.0	16.7	440.00	50	0	1.00	0
03:55	24.8	16.7	437.76	50	0	1.00	0
04:00	25.0	16.7	440.00	50	0	1.00	0
04:05	24.8	16.7	436.80	50	0	1.00	0
04:10	24.8	16.7	446.72	50	0	1.00	0
04:15	24.8	16.7	434.88	50	0	1.00	0
04:20	24.8	16.7	428.80	50	0	1.00	0
04:25	24.8	16.7	440.96	50	0	1.00	0
04:30	24.8	16.7	434.88	50	0	1.00	0
04:35	24.8	16.7	437.76	50	0	1.00	0
04:40	24.8	16.7	438.72	50	0	1.00	0
04:45	24.8	16.7	440.96	50	0	1.00	0
04:51	24.8	16.7	440.00	50	0	1.00	0
04:56	24.8	16.7	440.00	50	0	1.00	0
05:01	24.8	16.7	434.88	50	0	1.00	0
05:06	24.8	16.7	440.00	50	0	1.00	0
05:11	24.8	16.7	440.00	50	0	1.00	0
05:16	24.8	16.7	449.92	50	0	1.00	0
05:21	24.8	16.7	433.92	50	0	1.00	0
05:26	24.8	16.7	429.76	50	0	1.00	0
05:31	24.8	16.7	442.88	50	0	1.00	0
05:36	24.8	16.7	440.96	50	0	1.00	0
05:41	24.8	15.7	437.76	50	0	1.00	0
05:46	24.8	15.7	433.92	50	0	1.00	0
05:51	24.8	15.7	432.96	50	0	1.00	0
05:56	24.8	15.7	427.84	50	0	1.00	0
06:01	24.8	15.7	429.76	50	0	1.00	0
06:06	24.8	15.7	432.96	50	0	1.00	0
06:11	24.8	15.7	435.84	50	0	1.00	0
06:16	24.8	15.7	432.96	50	0	1.00	0
06:21	24.8	15.7	435.84	50	0	1.00	0
06:26	24.8	15.7	430.72	50	0	1.00	0
06:31	24.8	15.7	438.72	50	0	1.00	0
06:36	24.8	16.7	436.80	50	0	1.00	0
06:41	24.8	16.7	432.00	50	0	1.00	0
06:46	24.8	16.7	444.80	50	0	1.00	0
06:51	24.8	16.7	433.92	50	0	1.00	0
06:56	24.8	15.7	440.00	50	0	2.00	0
07:01	24.8	15.7	441.92	50	0	4.00	0
07:06	24.8	15.7	440.00	50	0	11.00	0
07:11	24.8	15.7	443.84	50	0	26.00	0
07:16	24.7	15.7	436.80	50	0	77.00	0
07:21	24.7	15.7	432.96	50	0	172.00	0
07:26	24.7	15.7	448.96	50	0	292.00	0
07:31	24.7	15.7	440.96	50	0	493.76	0
07:36	26.0	15.7	436.80	50	0	834.56	0
07:41	24.7	16.7	446.72	50	0	1085.44	0
07:46	24.7	16.7	436.80	50	0	1835.52	0
07:51	24.8	16.7	432.00	50	0	2385.92	0
07:56	24.7	16.7	450.88	50	0	2385.92	0
08:01	24.7	17.7	441.92	50	0	3100.16	0
08:06	24.7	17.7	438.72	50	0	4029.44	0
08:11	24.7	17.7	442.88	50	0	4029.44	0
08:16	24.6	17.7	440.96	50	0	4029.44	0
08:21	24.6	18.7	432.00	50	0	4029.44	0
08:26	24.7	19.7	446.72	50	0	4029.44	0
08:31	24.7	19.7	438.72	50	0	4029.44	0
08:36	24.7	20.7	427.84	50	0	4029.44	0
08:41	24.7	20.7	441.92	50	0	5242.88	0
08:46	24.7	21.7	445.76	50	0	5242.88	0
08:51	24.7	22.7	444.80	50	0	5242.88	0
08:56	24.7	22.7	436.80	50	0	5242.88	0
09:01	24.7	22.7	437.76	50	0	5242.88	0
09:06	24.7	22.7	436.80	50	0	5242.88	0
09:11	24.6	23.7	441.92	50	0	5242.88	0
09:16	24.6	23.7	441.92	50	0	5242.88	0
09:21	24.6	23.7	433.92	50	0	6814.72	0
09:26	24.6	23.7	440.00	50	0	6814.72	0
09:31	24.6	23.7	440.00	50	0	6814.72	0
09:36	24.6	23.7	444.80	50	0	6814.72	0
17:34	25.0	22.7	437.76	51	3	37826.56	0
17:39	25.0	22.7	432.00	51	4	26460.16	0
17:44	24.8	22.7	438.72	51	3	26460.16	0
17:49	25.0	23.7	446.72	51	1	26460.16	0
17:54	25.0	23.7	433.92	51	0	26460.16	0
17:59	24.8	23.7	438.72	51	4	26460.16	0
18:04	25.0	23.7	441.92	51	2	18513.92	0
18:09	25.0	22.7	435.84	51	1	18513.92	0
18:14	25.0	22.7	438.72	51	0	6287.36	0
18:19	25.0	21.7	440.00	51	1	6287.36	0
18:24	25.0	21.7	437.76	51	0	6287.36	0
18:29	25.0	21.7	434.88	51	0	6287.36	0
18:34	25.0	21.7	434.88	51	1	6287.36	0
18:39	25.0	21.7	433.92	53	0	6287.36	0
18:44	25.0	21.7	437.76	53	2	6287.36	0
